---
poses:
- x: 12.0
  y: 60.0
  heading: 4.71238898038469
- x: 30.0
  y: 0.0
  heading: 0.0
- x: 45.0
  y: 15.0
  heading: 0.7853981633974483
- x: 45.0
  y: 45.0
  heading: 1.5707963267948966
constraints:
  maxVel: 25.0
  maxAccel: 40.0
  maxJerk: 0.0
  maxAngVel: 3.141592653589793
  maxAngAccel: 6.283185307179586
  maxAngJerk: 0.0
resolution: 0.25
